@ 445 10872488
1
8 22 0
7 22 1
6 22 2
5 22 3
5 23 4
2
13 14 0
14 14 1
14 13 2
14 12 3
14 11 4
15 11 5
16 11 6
17 11 7
17 10 8
17 9 9
17 8 10
17 7 11
17 6 12
17 5 13
18 5 14
19 5 15
20 5 16
20 5 17
21 5 18
22 5 19
22 6 20
23 6 21
23 7 22
23 8 23
24 8 24
25 8 25
25 9 26
25 10 27
25 11 28
25 12 29
25 13 30
24 13 31
23 13 32
22 13 33
22 14 34
21 14 35
20 14 36
19 14 37
18 14 38
17 14 39
17 15 40
17 16 41
17 17 42
16 17 43
15 17 44
14 17 45
14 18 46
14 19 47
14 20 48
15 20 49
16 20 50
16 21 51
16 22 52
16 23 53
16 24 54
16 25 55
15 25 56
14 25 57
14 24 58
13 24 59
13 23 60
3
31 14 0
31 15 1
31 16 2
30 16 3
29 16 4
28 16 5
27 16 6
26 16 7
25 16 8
25 15 9
25 14 10
24 14 11
23 14 12
23 13 13
24 13 14
25 13 15
25 12 16
25 11 17
25 10 18
25 9 19
25 8 20
24 8 21
23 8 22
22 8 23
22 8 24
22 7 25
22 6 26
22 5 27
21 5 28
20 5 29
19 5 30
18 5 31
17 5 32
16 5 33
16 6 34
16 7 35
16 8 36
16 9 37
16 10 38
15 10 39
14 10 40
13 10 41
13 9 42
13 8 43
13 7 44
13 6 45
13 5 46
13 4 47
13 3 48
13 2 49
12 2 50
11 2 51
11 3 52
11 4 53
11 5 54
10 5 55
10 6 56
10 7 57
10 8 58
10 9 59
10 10 60
10 11 61
10 12 62
10 13 63
9 13 64
4
10 1 0
11 1 1
12 1 2
13 1 3
13 2 4
13 3 5
14 3 6
14 4 7
14 5 8
14 6 9
14 7 10
14 8 11
14 9 12
14 10 13
15 10 14
16 10 15
16 9 16
16 8 17
17 8 18
17 7 19
17 6 20
17 5 21
18 5 22
19 5 23
20 5 24
21 5 25
22 5 26
22 6 27
22 7 28
23 7 29
24 7 30
25 7 31
25 8 32
25 9 33
25 10 34
25 11 35
25 12 36
25 13 37
26 13 38
26 14 39
26 15 40
26 16 41
27 16 42
28 16 43
29 16 44
29 17 45
30 17 46
31 17 47
31 18 48
31 19 49
5
14 10 0
13 10 1
13 10 2
13 9 3
13 8 4
13 7 5
13 6 6
13 5 7
13 4 8
13 3 9
13 2 10
12 2 11
11 2 12
11 3 13
11 4 14
11 4 15
11 5 16
11 6 17
11 7 18
11 8 19
11 9 20
11 10 21
11 11 22
11 12 23
11 13 24
10 13 25
9 13 26
8 13 27
8 14 28
8 15 29
8 16 30
8 17 31
8 18 32
8 19 33
8 20 34
8 21 35
8 22 36
7 22 37
6 22 38
6 22 39
5 22 40
4 22 41
3 22 42
2 22 43
2 21 44
2 20 45
2 19 46
2 18 47
2 17 48
2 16 49
2 15 50
2 14 51
2 13 52
2 12 53
2 11 54
2 10 55
2 9 56
2 8 57
3 8 58
4 8 59
4 9 60
4 10 61
4 11 62
4 12 63
5 12 64
6
10 2 0
11 2 1
12 2 2
12 1 3
13 1 4
13 2 5
13 3 6
13 4 7
13 5 8
14 5 9
14 6 10
14 7 11
14 8 12
14 9 13
14 9 14
14 10 15
15 10 16
16 10 17
17 10 18
17 9 19
17 8 20
17 7 21
17 6 22
17 5 23
18 5 24
19 5 25
20 5 26
21 5 27
22 5 28
22 6 29
22 7 30
22 8 31
23 8 32
24 8 33
25 8 34
25 9 35
25 10 36
25 11 37
25 12 38
25 13 39
25 14 40
25 15 41
25 16 42
25 17 43
26 17 44
27 17 45
28 17 46
29 17 47
30 17 48
31 17 49
31 18 50
31 19 51
31 20 52
31 21 53
31 22 54
7
8 3 0
8 4 1
8 5 2
8 4 3
8 5 4
8 5 5
8 6 6
8 7 7
8 8 8
8 9 9
8 10 10
7 10 11
6 10 12
5 10 13
5 9 14
5 8 15
4 8 16
3 8 17
2 8 18
2 9 19
2 10 20
2 11 21
2 12 22
2 13 23
2 14 24
2 15 25
2 16 26
2 17 27
2 18 28
2 19 29
2 20 30
2 21 31
2 22 32
3 22 33
4 22 34
5 22 35
5 22 36
6 22 37
7 22 38
7 21 39
7 20 40
7 19 41
7 18 42
8 18 43
8 17 44
8 16 45
8 15 46
8 14 47
9 14 48
10 14 49
11 14 50
11 13 51
11 12 52
11 11 53
11 10 54
11 9 55
11 8 56
11 7 57
11 6 58
11 5 59
11 4 60
11 3 61
11 2 62
12 2 63
13 2 64
14 2 65
14 3 66
14 4 67
14 5 68
14 6 69
14 7 70
14 8 71
14 9 72
14 10 73
15 10 74
16 10 75
16 9 76
17 9 77
17 8 78
17 7 79
17 6 80
17 5 81
18 5 82
19 5 83
20 5 84
21 5 85
8
8 17 0
8 16 1
8 15 2
8 14 3
9 14 4
9 13 5
10 13 6
10 12 7
10 11 8
10 10 9
10 9 10
10 8 11
10 7 12
11 7 13
11 6 14
11 5 15
11 4 16
11 3 17
11 2 18
12 2 19
13 2 20
13 3 21
13 4 22
13 5 23
13 6 24
13 7 25
13 8 26
13 9 27
13 10 28
14 10 29
15 10 30
16 10 31
16 9 32
16 8 33
17 8 34
17 7 35
17 6 36
17 5 37
18 5 38
19 5 39
20 5 40
21 5 41
22 5 42
22 6 43
22 7 44
22 8 45
23 8 46
24 8 47
25 8 48
25 9 49
25 10 50
25 11 51
25 12 52
25 13 53
24 13 54
23 13 55
22 13 56
21 13 57
20 13 58
20 14 59
19 14 60
18 14 61
17 14 62
17 15 63
17 16 64
17 17 65
16 17 66
15 17 67
14 17 68
14 18 69
14 19 70
14 20 71
15 20 72
16 20 73
16 21 74
16 22 75
16 23 76
16 24 77
16 25 78
15 25 79
14 25 80
13 25 81
12 25 82
11 25 83
10 25 84
9 25 85
9
24 2 0
23 2 1
22 2 2
21 2 3
20 2 4
20 3 5
19 3 6
19 4 7
18 4 8
17 4 9
16 4 10
16 5 11
16 6 12
16 7 13
16 8 14
16 9 15
16 10 16
15 10 17
14 10 18
14 9 19
14 8 20
14 7 21
13 7 22
13 6 23
13 5 24
13 4 25
13 3 26
13 2 27
12 2 28
11 2 29
11 3 30
11 4 31
11 5 32
11 6 33
11 7 34
11 8 35
11 9 36
11 10 37
11 11 38
11 12 39
11 13 40
10 13 41
9 13 42
9 14 43
8 14 44
8 15 45
8 16 46
8 17 47
7 17 48
7 18 49
7 19 50
7 20 51
7 21 52
7 22 53
6 22 54
5 22 55
4 22 56
3 22 57
2 22 58
2 21 59
2 20 60
2 19 61
2 18 62
2 17 63
2 16 64
2 15 65
2 14 66
2 13 67
2 12 68
2 11 69
2 10 70
2 9 71
2 8 72
3 8 73
4 8 74
4 9 75
5 9 76
5 10 77
6 10 78
7 10 79
7 9 80
7 8 81
7 7 82
7 6 83
7 5 84
7 4 85
7 3 86
7 2 87
6 2 88
5 2 89
4 2 90
3 2 91
2 2 92
10
29 21 0
29 20 1
29 19 2
28 19 3
11
19 16 0
19 17 1
19 18 2
19 19 3
18 19 4
17 19 5
16 19 6
15 19 7
15 20 8
12
28 17 0
27 17 1
26 17 2
25 17 3
25 16 4
25 15 5
25 14 6
25 13 7
25 12 8
25 11 9
25 10 10
25 9 11
25 8 12
24 8 13
23 8 14
22 8 15
22 7 16
22 6 17
22 5 18
21 5 19
20 5 20
19 5 21
19 4 22
18 4 23
17 4 24
16 4 25
16 4 26
16 5 27
16 6 28
16 7 29
16 8 30
16 9 31
16 10 32
15 10 33
14 10 34
14 9 35
14 8 36
14 7 37
14 6 38
14 5 39
14 4 40
14 3 41
14 2 42
13 2 43
12 2 44
11 2 45
13
13 5 0
13 4 1
13 3 2
13 2 3
12 2 4
11 2 5
11 3 6
11 4 7
11 5 8
11 6 9
11 7 10
11 8 11
11 9 12
11 10 13
11 11 14
11 12 15
11 13 16
11 14 17
10 14 18
9 14 19
8 14 20
8 15 21
7 15 22
7 16 23
7 17 24
7 18 25
7 19 26
7 20 27
7 21 28
7 22 29
6 22 30
5 22 31
5 23 32
4 23 33
3 23 34
2 23 35
1 23 36
1 24 37
14
22 6 0
22 5 1
21 5 2
20 5 3
19 5 4
18 5 5
17 5 6
17 6 7
17 7 8
16 7 9
16 8 10
16 9 11
16 10 12
15 10 13
14 10 14
14 9 15
14 8 16
14 7 17
14 6 18
14 5 19
14 4 20
14 3 21
13 3 22
13 2 23
12 2 24
11 2 25
11 3 26
11 4 27
11 5 28
11 6 29
11 7 30
11 8 31
11 9 32
11 10 33
10 10 34
10 11 35
10 12 36
10 13 37
9 13 38
8 13 39
8 14 40
8 15 41
8 16 42
8 17 43
8 18 44
8 19 45
8 20 46
8 21 47
8 22 48
7 22 49
6 22 50
5 22 51
4 22 52
3 22 53
2 22 54
2 21 55
2 20 56
2 19 57
2 18 58
2 17 59
2 16 60
2 15 61
2 14 62
2 13 63
2 12 64
2 11 65
2 10 66
2 9 67
2 8 68
3 8 69
4 8 70
4 9 71
4 10 72
4 11 73
4 12 74
5 12 75
5 13 76
5 14 77
5 15 78
15
26 2 0
25 2 1
24 2 2
23 2 3
22 2 4
21 2 5
20 2 6
20 3 7
20 4 8
19 4 9
18 4 10
18 5 11
17 5 12
17 6 13
17 7 14
17 8 15
17 9 16
17 10 17
16 10 18
15 10 19
14 10 20
14 9 21
14 8 22
14 7 23
14 6 24
14 5 25
14 4 26
13 4 27
13 3 28
13 2 29
12 2 30
11 2 31
11 3 32
11 4 33
11 5 34
11 6 35
11 7 36
11 8 37
11 9 38
11 10 39
11 11 40
11 12 41
11 13 42
10 13 43
9 13 44
9 14 45
8 14 46
8 15 47
8 16 48
8 17 49
8 18 50
8 19 51
8 20 52
8 21 53
8 22 54
7 22 55
7 23 56
16
1 12 0
1 13 1
1 14 2
1 15 3
1 16 4
1 17 5
1 18 6
1 19 7
1 20 8
1 21 9
2 21 10
2 22 11
3 22 12
4 22 13
5 22 14
6 22 15
7 22 16
8 22 17
8 21 18
8 20 19
8 19 20
8 18 21
8 17 22
8 16 23
8 15 24
8 14 25
9 14 26
10 14 27
10 13 28
10 12 29
10 11 30
10 10 31
10 9 32
10 8 33
10 7 34
11 7 35
11 6 36
11 5 37
11 4 38
11 3 39
11 2 40
12 2 41
13 2 42
13 3 43
13 4 44
13 5 45
13 6 46
13 7 47
13 8 48
13 9 49
14 9 50
14 10 51
15 10 52
16 10 53
16 9 54
16 8 55
17 8 56
17 7 57
17 6 58
17 5 59
18 5 60
19 5 61
20 5 62
21 5 63
22 5 64
22 6 65
23 6 66
23 7 67
23 8 68
24 8 69
25 8 70
25 9 71
25 10 72
25 11 73
25 12 74
25 13 75
25 14 76
25 15 77
25 16 78
25 17 79
25 18 80
25 19 81
25 20 82
24 20 83
17
20 31 0
21 31 1
22 31 2
23 31 3
24 31 4
25 31 5
25 30 6
25 29 7
25 28 8
25 27 9
25 26 10
25 25 11
26 25 12
27 25 13
28 25 14
28 24 15
28 23 16
29 23 17
30 23 18
31 23 19
31 22 20
31 21 21
31 20 22
31 19 23
31 18 24
31 17 25
30 17 26
29 17 27
28 17 28
27 17 29
26 17 30
26 16 31
26 15 32
26 14 33
25 14 34
24 14 35
23 14 36
22 14 37
21 14 38
20 14 39
19 14 40
18 14 41
17 14 42
17 15 43
17 16 44
16 16 45
15 16 46
14 16 47
14 17 48
14 18 49
14 19 50
15 19 51
15 20 52
16 20 53
16 21 54
16 22 55
16 23 56
16 24 57
16 25 58
15 25 59
14 25 60
13 25 61
12 25 62
11 25 63
10 25 64
9 25 65
8 25 66
7 25 67
7 26 68
6 26 69
5 26 70
18
25 8 0
25 9 1
25 10 2
25 11 3
25 12 4
25 13 5
24 13 6
23 13 7
22 13 8
21 13 9
20 13 10
19 13 11
19 14 12
18 14 13
17 14 14
16 14 15
16 15 16
16 16 17
15 16 18
15 17 19
14 17 20
13 17 21
19
25 18 0
25 17 1
25 16 2
25 15 3
25 14 4
25 14 5
25 13 6
25 12 7
25 11 8
25 10 9
25 9 10
25 8 11
24 8 12
23 8 13
22 8 14
22 7 15
22 6 16
22 5 17
22 4 18
21 4 19
20 4 20
19 4 21
18 4 22
17 4 23
16 4 24
16 5 25
16 6 26
16 7 27
16 8 28
16 9 29
16 10 30
15 10 31
14 10 32
14 9 33
14 8 34
14 7 35
14 6 36
14 5 37
14 4 38
14 3 39
14 2 40
14 1 41
13 1 42
12 1 43
11 1 44
10 1 45
10 2 46
10 3 47
10 4 48
10 5 49
10 6 50
10 7 51
11 7 52
20
16 15 0
16 15 1
16 14 2
16 13 3
17 13 4
18 13 5
19 13 6
20 13 7
21 13 8
22 13 9
23 13 10
24 13 11
25 13 12
25 12 13
25 11 14
25 10 15
25 9 16
25 8 17
24 8 18
23 8 19
22 8 20
22 7 21
22 6 22
22 5 23
21 5 24
20 5 25
19 5 26
18 5 27
17 5 28
17 6 29
17 7 30
17 8 31
17 9 32
17 10 33
16 10 34
15 10 35
14 10 36
14 9 37
14 8 38
14 7 39
14 6 40
14 5 41
14 4 42
14 3 43
14 2 44
14 1 45
13 1 46
12 1 47
11 1 48
10 1 49
10 2 50
10 3 51
10 4 52
10 5 53
10 6 54
10 7 55
10 8 56
10 9 57
10 10 58
10 11 59
10 12 60
10 13 61
10 14 62
9 14 63
8 14 64
8 15 65
8 16 66
8 17 67
8 18 68
8 19 69
9 19 70
10 19 71
10 18 72
10 17 73
21
8 4 0
8 5 1
8 6 2
8 7 3
8 8 4
8 9 5
7 9 6
7 10 7
6 10 8
5 10 9
5 9 10
5 8 11
4 8 12
3 8 13
2 8 14
2 9 15
2 10 16
2 11 17
2 12 18
2 13 19
2 14 20
2 15 21
2 16 22
2 17 23
2 18 24
2 19 25
2 20 26
2 21 27
2 22 28
2 23 29
3 23 30
4 23 31
22
7 3 0
7 4 1
7 5 2
7 6 3
7 7 4
7 8 5
7 7 6
7 8 7
7 8 8
7 9 9
7 10 10
6 10 11
5 10 12
5 9 13
5 8 14
4 8 15
3 8 16
2 8 17
2 9 18
2 10 19
2 11 20
2 12 21
2 13 22
2 14 23
2 15 24
2 16 25
2 17 26
2 18 27
2 19 28
2 20 29
2 21 30
2 22 31
3 22 32
4 22 33
5 22 34
6 22 35
7 22 36
8 22 37
8 21 38
8 20 39
8 19 40
8 18 41
8 17 42
8 16 43
8 15 44
8 14 45
9 14 46
10 14 47
11 14 48
11 13 49
11 12 50
11 11 51
11 10 52
11 9 53
11 8 54
11 8 55
11 7 56
11 6 57
11 5 58
11 4 59
11 3 60
11 2 61
12 2 62
13 2 63
14 2 64
14 3 65
14 4 66
14 5 67
14 6 68
14 7 69
14 8 70
14 9 71
14 10 72
15 10 73
16 10 74
17 10 75
17 9 76
17 8 77
17 7 78
17 6 79
17 5 80
18 5 81
19 5 82
20 5 83
21 5 84
22 5 85
22 6 86
23 6 87
23 7 88
24 7 89
24 8 90
25 8 91
23
20 13 0
20 14 1
19 14 2
18 14 3
17 14 4
17 15 5
17 16 6
17 17 7
16 17 8
15 17 9
14 17 10
14 18 11
14 19 12
15 19 13
16 19 14
16 20 15
24
30 2 0
31 2 1
31 3 2
31 4 3
30 4 4
29 4 5
28 4 6
28 5 7
27 5 8
25
16 13 0
16 14 1
16 15 2
16 16 3
15 16 4
14 16 5
14 17 6
14 18 7
14 19 8
14 20 9
15 20 10
16 20 11
16 21 12
16 22 13
16 23 14
16 24 15
16 25 16
15 25 17
14 25 18
13 25 19
12 25 20
11 25 21
10 25 22
9 25 23
8 25 24
7 25 25
26
5 29 0
5 28 1
4 28 2
3 28 3
2 28 4
2 27 5
2 26 6
2 25 7
2 24 8
2 23 9
3 23 10
4 23 11
5 23 12
6 23 13
7 23 14
8 23 15
8 22 16
8 21 17
8 20 18
8 19 19
8 18 20
8 17 21
8 16 22
8 15 23
8 14 24
9 14 25
10 14 26
10 13 27
10 12 28
10 11 29
10 10 30
10 9 31
10 8 32
10 7 33
10 6 34
10 5 35
10 4 36
10 3 37
10 2 38
11 2 39
12 2 40
13 2 41
13 3 42
13 4 43
14 4 44
14 5 45
14 6 46
14 7 47
14 8 48
14 9 49
14 10 50
15 10 51
16 10 52
17 10 53
17 9 54
17 8 55
17 7 56
17 6 57
17 5 58
18 5 59
19 5 60
20 5 61
21 5 62
22 5 63
22 6 64
22 7 65
22 8 66
23 8 67
24 8 68
25 8 69
25 9 70
25 10 71
25 11 72
25 12 73
25 13 74
25 14 75
25 15 76
25 16 77
25 17 78
26 17 79
27
29 13 0
29 14 1
30 14 2
31 14 3
31 15 4
31 16 5
30 16 6
29 16 7
28 16 8
27 16 9
26 16 10
25 16 11
25 15 12
25 14 13
25 13 14
25 12 15
25 11 16
25 10 17
25 9 18
25 8 19
24 8 20
23 8 21
22 8 22
22 7 23
22 6 24
22 5 25
21 5 26
20 5 27
19 5 28
18 5 29
17 5 30
16 5 31
16 6 32
16 7 33
16 8 34
16 9 35
16 10 36
15 10 37
14 10 38
14 9 39
14 8 40
13 8 41
13 7 42
13 6 43
13 5 44
13 4 45
13 3 46
13 2 47
12 2 48
11 2 49
11 3 50
11 3 51
10 3 52
10 4 53
28
4 3 0
4 2 1
3 2 2
2 2 3
1 2 4
29
2 7 0
2 8 1
2 9 2
2 10 3
2 11 4
2 12 5
2 13 6
2 14 7
2 15 8
2 16 9
2 17 10
2 18 11
2 19 12
2 20 13
2 21 14
2 22 15
3 22 16
4 22 17
5 22 18
6 22 19
7 22 20
7 21 21
7 20 22
7 19 23
7 18 24
7 17 25
8 17 26
8 16 27
8 15 28
8 14 29
9 14 30
10 14 31
10 13 32
10 12 33
10 11 34
10 10 35
10 9 36
10 8 37
10 7 38
10 6 39
10 5 40
10 4 41
11 4 42
11 3 43
11 2 44
12 2 45
13 2 46
13 3 47
13 4 48
13 5 49
13 6 50
14 6 51
14 7 52
14 8 53
14 9 54
14 10 55
15 10 56
16 10 57
17 10 58
17 11 59
18 11 60
30
7 2 0
7 3 1
7 4 2
7 5 3
7 6 4
7 7 5
7 8 6
7 9 7
7 10 8
7 11 9
6 11 10
5 11 11
5 12 12
5 13 13
5 14 14
5 15 15
4 15 16
4 16 17
31
4 7 0
4 8 1
3 8 2
2 8 3
2 9 4
2 10 5
2 11 6
2 12 7
2 13 8
2 14 9
2 15 10
2 16 11
2 17 12
2 18 13
2 19 14
2 20 15
2 21 16
2 22 17
3 22 18
4 22 19
5 22 20
6 22 21
7 22 22
7 21 23
7 20 24
7 19 25
7 18 26
7 17 27
7 16 28
8 16 29
8 15 30
8 14 31
8 13 32
9 13 33
10 13 34
11 13 35
11 12 36
11 11 37
11 10 38
11 9 39
11 8 40
11 7 41
11 6 42
11 5 43
11 4 44
11 3 45
11 2 46
12 2 47
13 2 48
13 3 49
14 3 50
14 4 51
14 5 52
14 6 53
14 7 54
14 8 55
14 9 56
14 10 57
15 10 58
16 10 59
16 9 60
16 8 61
16 7 62
16 6 63
17 6 64
32
5 22 0
6 22 1
7 22 2
7 21 3
7 20 4
7 19 5
8 19 6
8 18 7
8 17 8
8 16 9
8 15 10
8 14 11
9 14 12
10 14 13
10 13 14
10 12 15
10 11 16
10 10 17
10 9 18
10 8 19
10 7 20
10 6 21
10 5 22
10 4 23
10 3 24
10 2 25
11 2 26
12 2 27
13 2 28
14 2 29
14 3 30
14 4 31
14 5 32
14 6 33
14 7 34
14 8 35
14 9 36
14 10 37
15 10 38
16 10 39
17 10 40
17 9 41
17 8 42
17 7 43
17 6 44
17 5 45
18 5 46
19 5 47
20 5 48
21 5 49
22 5 50
23 5 51
23 6 52
23 7 53
24 7 54
25 7 55
25 8 56
25 9 57
25 10 58
25 11 59
25 12 60
26 12 61
26 13 62
26 14 63
26 15 64
26 16 65
27 16 66
28 16 67
29 16 68
30 16 69
31 16 70
31 15 71
31 14 72
31 13 73
30 13 74
29 13 75
29 12 76
29 11 77
29 10 78
29 9 79
28 9 80
28 8 81
33
8 2 0
8 3 1
8 4 2
8 5 3
8 6 4
8 7 5
8 8 6
8 9 7
8 10 8
7 10 9
6 10 10
5 10 11
5 9 12
5 8 13
4 8 14
3 8 15
2 8 16
2 9 17
2 10 18
2 11 19
2 12 20
2 13 21
2 14 22
2 15 23
2 16 24
2 17 25
2 18 26
2 19 27
2 20 28
2 21 29
2 22 30
3 22 31
4 22 32
5 22 33
6 22 34
7 22 35
7 21 36
7 20 37
7 19 38
7 18 39
7 17 40
7 16 41
7 15 42
7 14 43
7 13 44
8 13 45
9 13 46
10 13 47
10 12 48
10 11 49
11 11 50
11 10 51
11 9 52
11 8 53
11 7 54
11 6 55
11 5 56
11 4 57
11 3 58
11 2 59
12 2 60
13 2 61
13 3 62
13 4 63
13 5 64
13 6 65
13 7 66
13 8 67
14 8 68
34
5 1 0
5 2 1
5 3 2
4 3 3
4 4 4
3 4 5
2 4 6
1 4 7
35
23 13 0
24 13 1
25 13 2
25 12 3
25 11 4
25 10 5
25 9 6
25 8 7
24 8 8
23 8 9
22 8 10
22 7 11
22 6 12
22 5 13
21 5 14
20 5 15
19 5 16
18 5 17
17 5 18
17 6 19
17 7 20
16 7 21
16 8 22
16 9 23
16 10 24
15 10 25
14 10 26
14 9 27
14 8 28
14 7 29
14 6 30
14 5 31
14 4 32
14 3 33
14 2 34
13 2 35
12 2 36
11 2 37
11 3 38
11 4 39
11 5 40
11 6 41
11 7 42
11 8 43
11 9 44
11 10 45
11 11 46
11 12 47
11 13 48
11 14 49
36
28 24 0
28 23 1
29 23 2
30 23 3
30 22 4
31 22 5
31 21 6
31 20 7
31 19 8
31 18 9
31 17 10
30 17 11
29 17 12
28 17 13
27 17 14
26 17 15
26 18 16
26 19 17
26 20 18
26 21 19
26 22 20
25 22 21
24 22 22
23 22 23
22 22 24
22 23 25
21 23 26
20 23 27
20 24 28
19 24 29
19 25 30
19 26 31
19 27 32
19 28 33
18 28 34
17 28 35
16 28 36
15 28 37
15 29 38
14 29 39
14 30 40
37
2 16 0
2 17 1
2 18 2
2 19 3
2 20 4
2 21 5
2 22 6
3 22 7
4 22 8
5 22 9
6 22 10
7 22 11
7 21 12
7 20 13
7 19 14
7 18 15
7 17 16
7 16 17
7 15 18
7 14 19
7 13 20
8 13 21
9 13 22
10 13 23
10 12 24
10 11 25
10 10 26
10 9 27
10 8 28
10 7 29
10 6 30
11 6 31
11 6 32
11 5 33
11 4 34
11 3 35
11 2 36
12 2 37
13 2 38
13 3 39
13 4 40
38
1 23 0
2 23 1
3 23 2
39
28 23 0
28 24 1
28 25 2
28 26 3
27 26 4
26 26 5
26 27 6
26 28 7
26 29 8
26 30 9
26 31 10
40
3 5 0
4 5 1
4 4 2
5 4 3
5 3 4
5 2 5
6 2 6
7 2 7
7 3 8
7 4 9
7 5 10
7 6 11
7 7 12
7 8 13
7 9 14
7 10 15
6 10 16
5 10 17
4 10 18
4 9 19
4 8 20
3 8 21
2 8 22
2 9 23
2 10 24
2 11 25
2 12 26
2 13 27
2 14 28
2 15 29
2 16 30
2 17 31
2 18 32
2 19 33
2 20 34
2 21 35
2 22 36
3 22 37
4 22 38
5 22 39
6 22 40
7 22 41
7 21 42
7 20 43
7 19 44
7 18 45
7 17 46
7 16 47
7 15 48
7 14 49
8 14 50
8 13 51
9 13 52
10 13 53
10 12 54
10 11 55
