@ 4 88504
1
5 12 0
4 12 1
4 11 2
4 10 3
4 9 4
4 8 5
3 8 6
2 8 7
2 9 8
2 10 9
2 11 10
2 12 11
2 13 12
2 14 13
2 15 14
2 16 15
2 17 16
2 18 17
1 18 18
1 19 19
2
10 6 0
11 6 1
11 5 2
11 4 3
11 3 4
11 2 5
12 2 6
13 2 7
13 3 8
13 4 9
13 5 10
14 5 11
14 6 12
14 7 13
14 8 14
14 9 15
14 10 16
15 10 17
16 10 18
16 9 19
16 8 20
16 7 21
16 6 22
16 5 23
17 5 24
3
25 8 0
25 9 1
25 10 2
25 11 3
25 12 4
25 13 5
24 13 6
23 13 7
22 13 8
21 13 9
20 13 10
19 13 11
19 14 12
18 14 13
17 14 14
16 14 15
16 15 16
16 16 17
15 16 18
15 17 19
14 17 20
13 17 21
4
3 31 0
2 31 1
2 30 2
2 29 3
2 28 4
2 27 5
2 26 6
2 25 7
2 24 8
2 23 9
3 23 10
4 23 11
5 23 12
6 23 13
7 23 14
7 22 15
7 21 16
7 20 17
7 19 18
7 18 19
8 18 20
8 17 21
8 16 22
8 15 23
8 14 24
9 14 25
10 14 26
10 13 27
10 12 28
10 11 29
10 10 30
10 9 31
10 8 32
10 7 33
11 7 34
11 6 35
11 5 36
11 4 37
11 3 38
11 2 39
12 2 40
13 2 41
14 2 42
14 3 43
14 4 44
14 5 45
14 6 46
14 7 47
14 8 48
14 9 49
14 10 50
15 10 51
16 10 52
17 10 53
17 9 54
17 8 55
17 7 56
17 6 57
17 5 58
18 5 59
19 5 60
20 5 61
21 5 62
22 5 63
22 6 64
22 7 65
5
9 19 0
8 19 1
8 18 2
8 17 3
8 16 4
8 15 5
8 14 6
9 14 7
10 14 8
10 13 9
10 12 10
10 11 11
10 10 12
10 9 13
10 8 14
10 7 15
10 6 16
10 5 17
10 4 18
11 4 19
11 3 20
11 2 21
12 2 22
13 2 23
13 3 24
13 4 25
13 5 26
13 6 27
13 7 28
13 8 29
13 9 30
13 10 31
14 10 32
15 10 33
16 10 34
16 9 35
16 8 36
16 7 37
16 6 38
17 6 39
17 5 40
18 5 41
19 5 42
20 5 43
21 5 44
22 5 45
22 6 46
22 7 47
22 8 48
23 8 49
24 8 50
25 8 51
25 9 52
25 10 53
25 11 54
25 12 55
25 13 56
24 13 57
23 13 58
22 13 59
21 13 60
20 13 61
19 13 62
18 13 63
17 13 64
17 14 65
6
5 22 0
6 22 1
7 22 2
7 21 3
7 20 4
7 19 5
8 19 6
8 18 7
8 17 8
8 16 9
8 15 10
8 14 11
9 14 12
10 14 13
10 13 14
10 12 15
10 11 16
10 10 17
10 9 18
10 8 19
10 7 20
10 6 21
10 5 22
10 4 23
10 3 24
10 2 25
11 2 26
12 2 27
13 2 28
14 2 29
14 3 30
14 4 31
14 5 32
14 6 33
14 7 34
14 8 35
14 9 36
14 10 37
15 10 38
16 10 39
17 10 40
17 9 41
17 8 42
17 7 43
17 6 44
17 5 45
18 5 46
19 5 47
20 5 48
21 5 49
22 5 50
23 5 51
23 6 52
23 7 53
24 7 54
25 7 55
25 8 56
25 9 57
25 10 58
25 11 59
25 12 60
26 12 61
26 13 62
26 14 63
26 15 64
26 16 65
27 16 66
28 16 67
29 16 68
30 16 69
31 16 70
31 15 71
31 14 72
31 13 73
30 13 74
29 13 75
29 12 76
29 11 77
29 10 78
29 9 79
28 9 80
28 8 81
7
30 31 0
29 31 1
28 31 2
27 31 3
26 31 4
26 30 5
26 29 6
26 28 7
26 27 8
26 26 9
27 26 10
28 26 11
29 26 12
29 25 13
29 24 14
29 23 15
30 23 16
31 23 17
31 22 18
31 21 19
31 20 20
31 19 21
31 18 22
31 17 23
30 17 24
30 16 25
29 16 26
28 16 27
27 16 28
26 16 29
26 15 30
26 14 31
26 13 32
26 12 33
26 11 34
26 10 35
26 9 36
26 8 37
26 7 38
25 7 39
24 7 40
23 7 41
23 6 42
23 5 43
22 5 44
21 5 45
20 5 46
20 5 47
19 5 48
18 5 49
17 5 50
17 6 51
17 7 52
17 8 53
16 8 54
16 9 55
16 10 56
15 10 57
14 10 58
14 9 59
14 8 60
14 7 61
14 6 62
14 5 63
14 4 64
14 3 65
14 2 66
13 2 67
12 2 68
11 2 69
11 3 70
11 4 71
11 5 72
11 6 73
11 7 74
11 8 75
11 9 76
10 9 77
10 10 78
10 11 79
10 12 80
10 13 81
9 13 82
8 13 83
8 14 84
8 15 85
8 16 86
8 17 87
8 18 88
8 19 89
8 20 90
8 21 91
8 22 92
7 22 93
6 22 94
5 22 95
4 22 96
3 22 97
2 22 98
2 21 99
8
4 31 0
3 31 1
2 31 2
2 30 3
2 29 4
2 28 5
2 27 6
2 26 7
2 25 8
2 24 9
2 23 10
3 23 11
4 23 12
5 23 13
6 23 14
7 23 15
7 22 16
7 21 17
8 21 18
8 20 19
8 19 20
8 18 21
8 17 22
8 16 23
8 15 24
8 14 25
9 14 26
10 14 27
10 13 28
10 12 29
10 11 30
10 10 31
10 9 32
10 8 33
10 7 34
10 6 35
10 5 36
10 4 37
10 3 38
10 2 39
11 2 40
12 2 41
13 2 42
13 3 43
13 4 44
13 5 45
13 6 46
13 7 47
14 7 48
14 8 49
14 9 50
14 10 51
15 10 52
16 10 53
17 10 54
17 9 55
17 8 56
17 7 57
17 6 58
17 5 59
18 5 60
19 5 61
20 5 62
21 5 63
22 5 64
22 6 65
23 6 66
23 7 67
24 7 68
25 7 69
25 8 70
25 9 71
25 10 72
25 11 73
25 12 74
25 13 75
24 13 76
23 13 77
22 13 78
21 13 79
20 13 80
9
12 26 0
13 26 1
14 26 2
15 26 3
16 26 4
16 25 5
16 24 6
16 23 7
16 22 8
16 21 9
16 20 10
15 20 11
15 19 12
14 19 13
14 18 14
14 17 15
15 17 16
16 17 17
17 17 18
17 16 19
17 15 20
17 14 21
18 14 22
19 14 23
20 14 24
21 14 25
22 14 26
23 14 27
24 14 28
25 14 29
25 15 30
25 16 31
25 17 32
25 18 33
25 19 34
